Alameda County	Alpine County	Amador County	Butte County	Calaveras County	Colusa County	Contra Costa County	Del Norte County	El Dorado County	Fresno County	Glenn County	Humboldt County	Imperial County	Inyo County	Kern County	Kings County	Lake County	Lassen County	Los Angeles County	Madera County	Marin County	Mariposa County	Mendocino County	Merced County	Modoc County	Mono County	Monterey County	Napa County	Nevada County	Orange County	Placer County	Plumas County	Riverside County	Sacramento County	San Benito County	San Bernardino County	San Diego County	San Francisco County	San Joaquin County	San Luis Obispo County	San Mateo County	Santa Barbara County	Santa Clara County	Santa Cruz County	Shasta County	Sierra County	Siskiyou County	Solano County	Sonoma County	Stanislaus County	Sutter County	Tehama County	Trinity County	Tulare County	Tuolumne County	Ventura County	Yolo County	Yuba County
Alameda County	0.0	214.31700900576968	141.38348375297298	226.09611658776183	132.69688790136806	172.5351522380182	30.476760023600402	491.436885292806	174.70721049134764	222.88594822202367	221.54460791524428	381.89525748567553	784.5064581422313	417.5875018095975	382.5606603879756	255.84352307372504	176.6380689688557	359.2250344852703	505.1697970203215	197.05658557478446	85.90893165702941	176.34915800477046	238.99516059948013	116.47908351672018	450.50016295628444	268.58422984918815	165.2022503527134	102.2409942544621	208.671614981424	578.2952215487383	188.45079081169487	277.27879842828827	688.6769422948313	102.36790811850203	136.5983002329551	600.1208650199662	693.5801193540055	98.93305730937823	64.72650395411517	283.5345700940697	48.02897880397117	384.5580485752807	51.296961208974054	71.06504766066972	346.37560561333333	246.24721602340512	441.4129136808321	68.99146994115732	131.91546147069275	80.6872177119073	155.52250476312517	277.0397820192829	349.37729127143734	319.86143259074584	176.0393718278735	442.9016635833821	114.80734018039793	187.12650797316672
Alpine County	214.31700900576968	0.0	77.00753460977985	194.08730492785855	82.41519993123121	219.93984614235129	203.53971947781764	499.53729897119433	66.40305791615371	207.29291665618686	249.67156558891438	422.52007040999115	738.3692225755692	311.3700358900497	376.3428133772541	283.47385877079785	260.64391115934905	244.03814682766358	510.9052371793075	157.06073543633337	264.7713464708295	117.3781318213273	327.44152296412136	178.19608238992726	339.50779729966973	112.5037945197605	296.7743603768433	220.1185480157674	112.79589575507607	579.1009629341072	93.83716360919597	176.11237732855963	641.7099211627592	135.48015805397813	250.70272803617982	528.2059576547973	679.399651051793	299.65402177672377	149.6105936448618	364.47355427217553	262.33433746053055	454.712352111597	227.6284148748778	263.93072563595626	305.691625557108	123.203236862878	403.5446849369889	190.59581757028565	272.1048529285711	158.07654095275325	171.37524651590178	267.84500318851804	362.43410340677906	280.8329608893028	68.31541815933541	477.7395915952981	182.82749830248676	151.8870517134601
Amador County	141.38348375297298	77.00753460977985	0.0	158.6711357796083	29.97651770094325	159.6657365074243	127.51711638244086	466.2668384021488	39.43011926264053	206.7463158607948	198.5035132907933	376.75681570731723	767.5224164722673	354.8731833550539	384.51142452624566	273.8876449318406	195.35659844315444	253.25874183876516	518.555569475748	158.50423645834698	187.81246797330618	116.8291951648423	265.0848171592735	138.9859646507895	350.2368457510771	166.17240680009854	251.89594519073893	145.7243150585163	95.4989609512599	589.7732650022211	69.03083412646042	172.83785440537045	670.189189099982	59.79629606095132	207.32341397810072	563.9757637871378	696.7566834728065	222.86639489939265	78.22210085480437	340.56429320666354	189.16402221024612	437.83155344003114	163.6345283916318	198.70941089602024	283.8048500128452	126.53946819745266	384.5100349299108	113.81229246412227	197.98218139884392	102.64837077247144	112.41450294267912	231.20456902596155	323.3723983119552	296.7341715129498	76.3281039457519	474.140733815404	111.68829685150483	109.64188346722301
Butte County	226.09611658776183	194.08730492785855	158.6711357796083	0.0	187.77164909448686	76.99506102567457	196.54887607717552	308.8348236079682	134.3139616945859	365.038184010033	68.85084342705886	228.84044815571005	924.447663808126	503.8798646991147	542.9413667455134	429.2163544519495	117.11125113256568	143.45780992551659	676.6385893537723	317.17323302337894	205.00120503639715	275.393667835796	159.96353536419312	285.2457208226031	226.86711453375005	306.1114044216414	381.7630993387676	143.2090644133636	82.21720647691885	748.1542670731365	101.10517609949773	75.66547451769826	827.2050634082218	137.07846230327033	342.71835061371513	718.0614494013573	855.4221199910568	248.749069018929	194.5840925134078	486.74633309170747	259.12310023804514	586.8595387811193	272.00144430630985	297.1611490849434	127.35489739011878	93.02408505041039	227.71100347080656	158.2478221471177	170.72717334451335	239.63381029855375	70.57440240477577	74.23128972492337	168.64517256314224	455.18671957532655	231.38338703169197	629.4552742926036	112.69634444703804	49.258778208378274
Calaveras County	132.69688790136806	82.41519993123121	29.97651770094325	187.77164909448686	0.0	182.69755528312936	125.21812889723266	494.3766950648936	66.94924657054224	177.28720536416063	224.15300625070014	402.63702531198646	740.3415620193663	332.1990412789853	355.17292452004364	243.91172101857236	215.12821701329773	282.1835632918846	489.0144830381819	129.73349101580794	191.66581203003116	88.88054066874182	285.65095049713204	110.89481132513494	379.3017760076546	150.631778376117	226.21935751890345	158.01416133287108	125.15856735606489	560.4007456797436	98.6438945884265	202.3605081465347	642.994166455701	74.12424400327737	180.94796255891484	538.4285144739981	667.9427885209545	222.49240686382308	68.10932158644535	311.3636750531265	180.57630717839464	408.1876620274448	146.0729401049769	182.1765808667264	313.467003316127	154.93500816739208	414.19059494699013	120.7401110299124	209.64983431186968	79.23442998730978	137.24207683876668	259.5989785666377	350.907285734496	268.5408490114048	55.24878000337113	444.17524690821625	129.1568461711229	138.56245416634002
Colusa County	172.5351522380182	219.93984614235129	159.6657365074243	76.99506102567457	182.69755528312936	0.0	142.10556900502678	324.04279862538584	153.54944756852603	351.3402695502621	49.29746389777135	222.7603402056653	920.2104493247248	514.286495085251	527.017584427432	405.8206725691791	44.87473570184531	219.60473796290793	657.4579525647533	308.4364850499919	132.76009128556976	270.2167720021341	107.50178131843502	257.17384351368094	297.77593614829044	324.3059902569335	336.5624857132893	74.96306161581866	126.97523416188479	730.2064972055065	131.3129869000041	151.22497350793952	822.9489388098986	112.20184074534986	302.81204384053734	720.738292338674	841.6510875810526	175.5039081198677	161.6810567656326	450.43690235943154	196.39228188558292	551.7674817082556	222.7895531308219	241.60697431203914	176.77132401194154	153.98959809100975	269.17471227256226	104.4920711152647	93.91554169776188	209.40463102153265	48.65890069712107	105.46033099348423	179.75844072287487	447.1284921985131	235.6627370332452	602.8856217235518	62.517857494437635	77.63213427921704
Contra Costa County	30.476760023600402	203.53971947781764	127.51711638244086	196.54887607717552	125.21812889723266	142.10556900502678	0.0	461.95565382617514	156.68086897830602	240.43051410207306	191.17448629640018	353.3994233832348	806.4353768590167	429.8744611248955	405.53788622153587	279.5617755103557	147.87560037195448	331.6083076253643	530.3586598528038	209.48506068178213	71.16169425580357	183.41391399374876	212.26798458804797	134.99690036944568	421.83721011524756	269.8511487271475	195.07244806161992	73.06909897138743	184.37455533167582	603.5125092880633	166.06460990391417	250.24052985468026	710.1531587422802	79.57938551673465	164.48220168594833	618.4627105760923	718.0773723837015	97.29693830068085	59.60590181081341	312.0936615003481	67.21173530034974	413.3202901554102	81.02378917262482	100.97233223335022	316.00772487615444	222.10829528043573	410.9365117491903	38.68178287258136	108.5533708810653	92.3921333202264	126.02913439493182	246.5665316241731	319.45131542511	338.2824310704072	174.52516229198315	469.8535554777587	84.62963349807296	159.18786359970863
Del Norte County	491.436885292806	499.53729897119433	466.2668384021488	308.8348236079682	494.3766950648936	324.04279862538584	461.95565382617514	0.0	442.98561560029634	670.3297638778942	275.68195565246157	117.74485870663712	1233.2427559962211	810.8832958633145	847.8299267810378	729.0110237689579	315.2759413751635	304.951054666783	979.9035425135612	624.0678703719408	426.4673527516907	582.9998078430224	263.5439723083129	580.7600680079646	273.4853976809223	611.9981969756469	656.5799173180328	389.19602246835035	387.0343107578791	1052.2805954706917	409.1043330859909	332.0074170912425	1135.9766705309523	432.4793673374761	625.6792757729986	1026.51530624753	1161.8307922895508	456.47145710985455	485.36154355844974	773.529473227769	503.4047729351154	874.8812477322934	542.7100107463134	555.4511569320055	198.2095776744367	381.20266903926756	123.67177405752011	426.66760987338	371.5893993894509	533.0660561369199	360.4108417192528	235.1469856854976	144.6915712310011	762.8789864035958	540.1481625884254	926.8692196605216	386.55490388423823	356.9336716887705
El Dorado County	174.70721049134764	66.40305791615371	39.43011926264053	134.3139616945859	66.94924657054224	153.54944756852603	156.68086897830602	442.98561560029634	0.0	238.01566363028795	184.79488984862857	360.13096024333026	790.6053080168067	370.13939187942907	414.54413738043434	308.2857193880783	194.41544148952187	215.37044062047224	549.1887008866458	188.21714586368526	209.24395641080343	145.6695146396851	261.05032206436755	177.6596262297563	312.54969860516866	174.01828883532337	291.3124887975968	158.6474999706037	60.49198599560597	619.5893404754571	34.79404905346067	136.4740087073234	693.4387472784118	79.36353062239748	246.64952935841765	583.7474956126025	724.4390097702156	247.82482566150486	114.39813373625671	378.1839350974949	221.54324742232583	474.4678171634066	201.34759954890427	235.7390975664685	254.6706197088863	87.99637353802322	354.84950451757004	135.15867002055793	209.69965516494977	142.0576599522765	104.97221650318015	208.493460468453	302.59954347589814	323.6201954154423	98.4013912434593	507.8772942572865	119.26246039606347	88.30901349842009
Fresno County	222.88594822202367	207.29291665618686	206.7463158607948	365.038184010033	177.28720536416063	351.3402695502621	240.43051410207306	670.3297638778942	238.01566363028795	0.0	396.7762676792596	574.0709166614336	569.8343158106469	202.0040911294939	177.92071081838708	77.89630684139485	375.2902518812706	448.37636269500564	311.8164250511476	50.61110322745946	308.4210765678755	92.81522654877824	445.0082678582139	106.41090649932853	545.0326956282042	145.74761883545955	159.32528472671072	304.95439724797814	298.50583377607677	383.1170985288288	272.462453188076	373.4715355881075	472.8232695872479	239.39787584312484	128.6266048222318	378.0322857180668	491.5134708411521	317.641563914605	193.5841005468595	168.74735344565312	251.67258932340062	249.72530628511558	187.8766730288811	211.049745221538	490.527805793377	322.15302780890954	591.2103445048361	262.0012110229928	348.43307850983734	149.00767550295467	310.3401490772563	436.2920197002797	526.1120952387878	98.00458424316001	142.79888159110368	271.25750151386023	290.81926157953893	315.8020424248222
Glenn County	221.54460791524428	249.67156558891438	198.5035132907933	68.85084342705886	224.15300625070014	49.29746389777135	191.17448629640018	275.68195565246157	184.79488984862857	396.7762676792596	0.0	178.48460267964006	964.1351295723481	552.7002120921738	573.4287855562023	453.43750487992213	63.780036486153584	195.28081403914024	704.6882651193295	352.35829358914975	174.9927462086025	312.82183261405385	91.29328284721198	305.08101287209985	263.00986846289	358.6719939403164	385.82390936201466	121.98375306287643	144.03464956629236	777.2669698768901	156.40970165911946	141.5500969418526	866.8013744422174	157.56608357326866	352.03973157242297	762.3280925861919	887.932202544797	215.5890812338842	209.68667483002088	499.59386956927557	243.2945986821637	600.9031992359188	271.98783701117475	290.0499814492236	132.30568766661963	161.09410165948083	221.05014069744496	153.76577536276332	128.0668736842898	257.3848254780191	86.99827711015514	59.991700159726584	131.07695718912677	491.44118317823774	274.7404111094715	651.2410578168012	111.29322273655781	98.04574151158126
Humboldt County	381.89525748567553	422.52007040999115	376.75681570731723	228.84044815571005	402.63702531198646	222.7603402056653	353.3994233832348	117.74485870663712	360.13096024333026	574.0709166614336	178.48460267964006	0.0	1142.4071778684242	729.9311641028125	749.6217064076861	627.424476060371	205.53185797127148	277.80441373342774	879.3383871352917	530.5174342161891	312.13727769409394	491.26625090649435	147.53886479585614	478.69224767865893	286.07203942539303	533.8332446843868	546.1120984275149	280.3677140174645	311.0369978417782	952.2488346817993	328.8310155548862	274.57725245850787	1045.0909686542918	334.74095962970415	517.8815488197667	940.7159243909143	1064.2527637075004	340.1233904766648	383.49596744250596	665.3712867474235	389.8663584169985	766.4530117637137	433.08842362974485	443.07191650714503	158.73608947960338	315.4274754363097	152.3323644941104	320.35517883974734	257.24497576528285	431.00496646515995	265.43955204800557	157.257175679876	68.76208453535709	669.4902922436221	452.82361160559975	822.3822885024806	284.211560770121	271.82478759793173
Imperial County	784.5064581422313	738.3692225755692	767.5224164722673	924.447663808126	740.3415620193663	920.2104493247248	806.4353768590167	1233.2427559962211	790.6053080168067	569.8343158106469	964.1351295723481	1142.4071778684242	0.0	433.88577761321983	402.4963400951983	529.4751455813368	945.1121011748423	973.8956746146064	298.2124756666498	611.8990934231668	869.8449601114311	651.4755552263117	1014.6475090443731	671.836656066627	1062.0849048494877	628.6984748977819	650.836946431773	874.0514485977477	848.3499224751409	235.73711410353286	824.9130005110561	914.0607397580362	97.34743497784054	808.0089238121564	656.3765382100626	215.85841561489116	132.4547145831204	868.8944126211603	763.2921471719812	535.8034702309917	801.2545032038968	463.7238705721567	739.9124356463635	749.2617010955239	1043.5186325430018	861.3228336304886	1141.9129567210746	831.1894500808946	914.9494376969402	717.6460404019225	877.147045098603	998.1501567321656	1090.8939797227001	473.0977161266239	693.0945941308735	378.92420233223544	860.457813983562	876.3911824652353
Inyo County	417.5875018095975	311.3700358900497	354.8731833550539	503.8798646991147	332.1990412789853	514.286495085251	429.8744611248955	810.8832958633145	370.13939187942907	202.0040911294939	552.7002120921738	729.9311641028125	433.88577761321983	0.0	180.27134514508535	222.8115746516264	547.1303794618643	540.6236636475013	274.2954762555349	220.71430249403676	500.5821793868419	249.22537161832304	617.7620238423013	303.4533535665182	628.1993225332367	199.0555399958877	351.88766413000553	484.81308083711554	423.90576687832896	322.73060966991744	402.78090718214975	484.30469162995945	339.71881153095774	405.7118716336385	328.71570245701696	219.35941491364514	397.6005906054857	515.323640655322	374.8500077729968	303.5208739258933	451.22633548991996	327.9524083476598	388.15733681308257	412.93903490509916	616.4345757848664	432.24871111263644	712.7139934816296	443.1187211246789	533.441165222171	338.12611539003785	467.2721668317049	578.0766221766631	672.5025416697082	128.7050998197869	278.64593254513	290.7568676380077	460.80543784421644	458.3445837307694
Kern County	382.5606603879756	376.3428133772541	384.51142452624566	542.9413667455134	355.17292452004364	527.017584427432	405.53788622153587	847.8299267810378	414.54413738043434	177.92071081838708	573.4287855562023	749.6217064076861	402.4963400951983	180.27134514508535	0.0	126.99891003746116	547.8060962374449	620.3112612651472	134.8432975339123	226.46273024553676	467.57388710453023	268.9227139039058	616.088191097142	272.31890712635516	715.7517729806102	285.97823407261524	253.51251502041941	474.9912440504082	474.9343785791501	205.2655180985691	449.23399209947377	548.4456935533416	307.7520670862649	415.8674068011177	254.33381401485354	238.1185981520524	314.6370150740227	466.65399631880297	366.44019555587755	155.84259082111654	398.92547374081465	149.5693874103049	337.42061309432876	347.6094933774592	668.1422129918953	496.2480622084795	768.7557279319152	432.5365975035991	513.7333982289998	319.4108834357969	487.5058991566916	614.1349309938868	703.4064186979533	98.20685978087504	317.15605182777745	115.8579907565941	465.45682998305233	493.71354988473706
Kings County	255.84352307372504	283.47385877079785	273.8876449318406	429.2163544519495	243.91172101857236	405.8206725691791	279.5617755103557	729.0110237689579	308.2857193880783	77.89630684139485	453.43750487992213	627.424476060371	529.4751455813368	222.8115746516264	126.99891003746116	0.0	423.8022509011952	521.7438356933549	251.9417572655185	126.60268633338413	340.63030499212505	166.7453196670094	491.10998526218947	148.7535961153413	618.7950782109777	221.32910081902511	135.95606394848005	350.1200043498574	368.3315183410619	324.94741907570165	341.89808552645604	444.7198481385309	434.4338996459315	296.80976134914584	128.5135577641893	355.7716112024696	438.60252996883673	340.0702549034581	244.17096635441231	95.3649440570648	272.2755187887759	171.94135754066272	210.4399581731204	221.93929825316368	556.1976490001836	394.5817649079671	656.8283254596458	308.16421459509405	387.3576628343115	196.50087994855957	369.1837395616308	497.83555043644395	584.3197180466072	94.49447857220802	217.1181300195578	200.38677129043444	343.5535262958479	380.15118366005726
Lake County	176.6380689688557	260.64391115934905	195.35659844315444	117.11125113256568	215.12821701329773	44.87473570184531	147.87560037195448	315.2759413751635	194.41544148952187	375.2902518812706	63.780036486153584	205.53185797127148	945.1121011748423	547.1303794618643	547.8060962374449	423.8022509011952	0.0	255.52331457489638	675.6376085945057	335.53177958350756	115.97466054566372	299.71820178337674	70.71574803839592	275.59455413582526	326.6433473901043	361.4576658380278	341.495961528137	74.83697699080906	171.7126824475367	748.7113794781525	174.747045913603	192.68749675627603	848.110789119288	141.43295652039677	312.35600863620783	749.4228845099979	861.9783738771948	154.086553774802	181.90176565134823	459.9229747765679	189.6722721923721	561.0859037447776	227.92070667197905	240.42420156567644	194.68091527852087	198.69856580745602	277.81886801157316	115.65812282753522	65.2173011392824	228.41572487570164	90.2663312212849	122.85800368615948	175.51357250469763	472.5749260852444	269.72624925281013	617.1574637044909	86.43939223109889	122.44394874083689
Lassen County	359.2250344852703	244.03814682766358	253.25874183876516	143.45780992551659	282.1835632918846	219.60473796290793	331.6083076253643	304.951054666783	215.37044062047224	448.37636269500564	195.28081403914024	277.80441373342774	973.8956746146064	540.6236636475013	620.3112612651472	521.7438356933549	255.52331457489638	0.0	754.9337057664313	397.77430249428494	348.0609736449605	355.79267639830033	278.9330168189374	392.18654031017616	97.22551436611762	346.51526883585603	501.8183155174302	285.83686593432583	158.75196155631903	823.0155689412474	184.64803145240117	82.69527756059546	878.4201264685187	259.7646514216183	458.75825871244723	759.9799658979454	921.7527586890782	391.9340045782396	314.68506482045774	593.5352692292495	397.1881746417574	689.5873992699941	399.8621058860382	429.25279459357023	119.17413409561964	127.55533322279352	186.23265817284403	295.08224353619954	313.4967503410235	352.7071063523824	208.56071097855025	150.90475901195052	209.64741291274447	524.7682640756035	305.5822333639134	719.6299037743947	251.75012945958218	172.43027125099286
Los Angeles County	505.1697970203215	510.9052371793075	518.555569475748	676.6385893537723	489.0144830381819	657.4579525647533	530.3586598528038	979.9035425135612	549.1887008866458	311.8164250511476	704.6882651193295	879.3383871352917	298.2124756666498	274.2954762555349	134.8432975339123	251.9417572655185	675.6376085945057	754.9337057664313	0.0	360.99471507681335	588.0517422654133	403.5220202288244	742.4600356580537	400.64624459462016	850.1249167981779	417.2378751515982	358.56617944456957	601.6953438615781	609.6211710879921	73.15417654154234	583.8322423614173	683.2862438885028	214.74863210585812	547.4314723569911	370.8443984589404	204.27544600225607	189.56586663215222	581.628931968234	495.94209447403375	239.3874825698976	515.0733049568181	167.5394282846628	457.0223373441527	461.12497004773263	802.3441839963641	631.0864386434877	903.0227337664974	559.9798224056804	637.0840604864284	448.3477477974479	619.5427427274608	747.1456686804194	835.267272946345	230.86499695284866	451.9729415035428	82.06521087775822	595.3306558593035	627.3804296720971
Madera County	197.05658557478446	157.06073543633337	158.50423645834698	317.17323302337894	129.73349101580794	308.4364850499919	209.48506068178213	624.0678703719408	188.21714586368526	50.61110322745946	352.35829358914975	530.5174342161891	611.8990934231668	220.71430249403676	226.46273024553676	126.60268633338413	335.53177958350756	397.77430249428494	360.99471507681335	0.0	279.95125809994516	42.5651499820104	405.9844004507842	86.19180920231328	494.42192722892185	110.02773590113875	176.34850484704947	268.23005036165824	248.68265326226484	431.66852690652905	222.83792676354255	323.17363880122787	514.5970600900663	196.29184825523984	136.14719617662615	413.95016029808033	538.2811400977901	295.3285015154945	156.53642975522826	212.30132978973708	232.97076137183507	298.34508171160974	171.86506716283964	201.3675264123811	441.7555175270258	271.6734608594443	542.3261895018732	225.60686275147626	314.8259199187822	117.43929960193225	265.4332674027064	389.329629527636	480.38291699873776	139.117213346692	92.21138581043026	321.8660406012944	249.6677099283281	268.085189673235
Marin County	85.90893165702941	264.7713464708295	187.81246797330618	205.00120503639715	191.66581203003116	132.76009128556976	71.16169425580357	426.4673527516907	209.24395641080343	308.4210765678755	174.9927462086025	312.13727769409394	869.8449601114311	500.5821793868419	467.57388710453023	340.63030499212505	115.97466054566372	348.0609736449605	588.0517422654133	279.95125809994516	0.0	254.57304490632978	164.98110643838723	202.05788518827652	430.11020018032787	339.5578775181803	238.0186346174027	62.5087932110722	220.37746281844517	661.0395144169578	208.72355430593285	272.22307788569043	774.218701368503	130.47502298322348	217.33333254696288	685.9613708699158	777.0628837618161	43.97284857667144	129.7943541157005	360.3690915729122	78.12497471541809	459.89652587551836	131.05159126569848	132.66253451467063	307.17654230277117	256.6693614188946	393.623001710194	74.46059285886545	54.933592765943175	162.52201616782025	142.10216354116287	234.87704843476334	290.3934839649781	405.6613367230401	243.59263633660663	523.0728377116181	101.39609461521337	182.10676142571995
Mariposa County	176.34915800477046	117.3781318213273	116.8291951648423	275.393667835796	88.88054066874182	270.2167720021341	183.41391399374876	582.9998078430224	145.6695146396851	92.81522654877824	312.82183261405385	491.26625090649435	651.4755552263117	249.22537161832304	268.9227139039058	166.7453196670094	299.71820178337674	355.79267639830033	403.5220202288244	42.5651499820104	254.57304490632978	0.0	370.41966060977103	82.83690040925481	452.61347401117314	99.01401427171055	193.44792867735597	235.6069061242005	206.12489472403442	474.06810272928567	180.31956161205355	280.68834272369463	554.1286905751034	158.79644717398887	148.97234232054728	450.5604449306875	580.0818231635079	275.1751027344686	126.21395256750526	247.5968446405901	217.60009690389776	337.44454936400484	161.77538888809957	195.36359179905097	399.4671317293613	229.35154646908413	499.9780843502543	193.94634521154416	284.4124015052179	96.0717334792944	225.83208937103112	348.0072265083858	439.73775077823205	179.91229011419128	50.400441397089075	363.9043874774295	213.32285304549515	226.45943584443282
Mendocino County	238.99516059948013	327.44152296412136	265.0848171592735	159.96353536419312	285.65095049713204	107.50178131843502	212.26798458804797	263.5439723083129	261.05032206436755	445.0082678582139	91.29328284721198	147.53886479585614	1014.6475090443731	617.7620238423013	616.088191097142	491.10998526218947	70.71574803839592	278.9330168189374	742.4600356580537	405.9844004507842	164.98110643838723	370.41966060977103	0.0	343.80307721783504	332.77566915829766	430.828402989645	401.09083123173497	141.10198847211106	230.14537392350917	815.6050207349234	237.82122046847323	232.46376567867316	917.7660656749309	212.11190548396993	375.58789254622155	819.9267775973375	929.6854490291105	192.9340876367517	251.4250840882701	521.9467314592705	242.99139105295208	622.4939404146126	289.53605587350796	296.86083938482085	189.6698731385906	251.10128712561465	251.72012296258157	183.65978301447478	110.32395678384339	297.18114886033106	156.1131808318487	129.0464420655897	138.00909614375212	542.5517495901506	340.0368958984543	681.8184023630673	157.15473114823422	181.34360250638767
Merced County	116.47908351672018	178.19608238992726	138.9859646507895	285.2457208226031	110.89481132513494	257.17384351368094	134.99690036944568	580.7600680079646	177.6596262297563	106.41090649932853	305.08101287209985	478.69224767865893	671.836656066627	303.4533535665182	272.31890712635516	148.7535961153413	275.59455413582526	392.18654031017616	400.64624459462016	86.19180920231328	202.05788518827652	82.83690040925481	343.80307721783504	0.0	489.0479114940829	181.53068919243123	118.57853181719594	202.73466290060927	233.84819449272794	473.58002095119	207.62605822816536	311.1917336231401	575.373757133883	149.74424065641773	72.50729636426023	484.0253486318835	586.3893602092279	212.25364505105938	95.49381271327826	202.72275201392472	147.85961494731674	301.86285171144334	85.75935739852731	115.69377917793842	412.5833109010777	265.4569243643332	512.6412861760266	160.21776375932745	243.49849723074317	47.772357287500284	222.01186819506614	351.2986953686877	436.1090620730435	203.69892254864322	113.61205142051415	346.4156982516049	194.83013334810204	237.06151967686597
Modoc County	450.50016295628444	339.50779729966973	350.2368457510771	226.86711453375005	379.3017760076546	297.77593614829044	421.83721011524756	273.4853976809223	312.54969860516866	545.0326956282042	263.00986846289	286.07203942539303	1062.0849048494877	628.1993225332367	715.7517729806102	618.7950782109777	326.6433473901043	97.22551436611762	850.1249167981779	494.42192722892185	430.11020018032787	452.61347401117314	332.77566915829766	489.0479114940829	0.0	438.1524625703551	597.4390193393707	369.3834942750225	255.27732379433962	917.4971212801624	281.4219465650936	178.20469112688252	967.4784530175391	353.463446654249	554.8994939910124	847.0522973922285	1014.3358859739194	473.23449780756596	409.4870034276438	690.6653168356363	485.73932655550703	786.8125559038657	493.2734298660437	521.2346019266654	144.4556072178826	224.7805832542366	150.93329668822648	384.1689029465629	389.40500480618095	448.8442905188953	296.31544692938735	206.8979572230924	226.5493277885491	619.5152380729941	402.309650616489	816.2713193892213	339.21455506918255	263.6566912775762
Mono County	268.58422984918815	112.5037945197605	166.17240680009854	306.1114044216414	150.631778376117	324.3059902569335	269.8511487271475	611.9981969756469	174.01828883532337	145.74761883545955	358.6719939403164	533.8332446843868	628.6984748977819	199.0555399958877	285.97823407261524	221.32910081902511	361.4576658380278	346.51526883585603	417.2378751515982	110.02773590113875	339.5578775181803	99.01401427171055	430.828402989645	181.53068919243123	438.1524625703551	0.0	285.6197676729915	308.55384805849707	225.26922798731133	481.7581230738451	205.17761236624804	285.84875386839315	532.6047342394718	223.50302306306818	243.53463145052336	416.87432029546534	576.1976656178891	365.7092881977906	210.25705005718135	314.40192919606693	312.74012628380285	389.9500476451882	259.88780793073295	294.0960929231357	417.4292768737405	233.4699964524963	514.2096545344219	270.9964193638883	360.2806523562506	191.17354903134483	275.9476361152522	380.0993953069574	474.67501294991706	187.77180143264508	96.23017959386316	396.2081999862019	277.47643519242007	262.1382038898168
Monterey County	165.2022503527134	296.7743603768433	251.89594519073893	381.7630993387676	226.21935751890345	336.5624857132893	195.07244806161992	656.5799173180328	291.3124887975968	159.32528472671072	385.82390936201466	546.1120984275149	650.836946431773	351.88766413000553	253.51251502041941	135.95606394848005	341.495961528137	501.8183155174302	358.56617944456957	176.34850484704947	238.0186346174027	193.44792867735597	401.09083123173497	118.57853181719594	597.4390193393707	285.6197676729915	0.0	267.41573620048126	343.3143442837258	430.39213865287235	318.09260023806695	419.429185240851	558.6384670030303	245.74051027037115	46.07175287762609	489.2235103765665	547.9780159772394	224.92257840738523	188.5006221579178	123.13512890424761	160.9054306012913	221.87790357705683	114.05265926734643	105.76133103795698	506.61677635217524	377.50764336713735	603.8980866469276	232.0712277785468	291.2085113633323	149.62949072633495	312.7842030043562	439.46656357053445	514.5091579490042	227.31875532448626	231.4542373411971	288.06309241687876	276.1582406485045	336.932617645283
Napa County	102.2409942544621	220.1185480157674	145.7243150585163	143.2090644133636	158.01416133287108	74.96306161581866	73.06909897138743	389.19602246835035	158.6474999706037	304.95439724797814	121.98375306287643	280.3677140174645	874.0514485977477	484.81308083711554	474.9912440504082	350.1200043498574	74.83697699080906	285.83686593432583	601.6953438615781	268.23005036165824	62.5087932110722	235.6069061242005	141.10198847211106	202.73466290060927	369.3834942750225	308.55384805849707	267.41573620048126	0.0	160.68445968169615	674.8177111679305	152.0409457775691	209.73167481759197	777.3163581299165	86.01669784305238	237.5324018641434	681.606197239984	788.641478630092	106.47874290673955	111.88923657587972	385.15990269666423	121.53826387881612	486.3709217652311	153.51883223087165	168.537803663233	251.73167625340133	196.00891952578976	343.03307697930234	42.95474886714196	52.25796978817457	156.40607496467115	79.80291124750948	180.21103086509896	247.4406075774176	402.82307207202564	213.09380320661253	542.4572199195038	41.50108365104134	120.07015992201313
Nevada County	208.671614981424	112.79589575507607	95.4989609512599	82.21720647691885	125.15856735606489	126.97523416188479	184.37455533167582	387.0343107578791	60.49198599560597	298.50583377607677	144.03464956629236	311.0369978417782	848.3499224751409	423.90576687832896	474.9343785791501	368.3315183410619	171.7126824475367	158.75196155631903	609.6211710879921	248.68265326226484	220.37746281844517	206.12489472403442	230.14537392350917	233.84819449272794	255.27732379433962	225.26922798731133	343.3143442837258	160.68445968169615	0.0	679.9011431582841	26.517042863579146	77.39009737199153	751.3467202883079	106.33711950503184	300.0239452149696	639.795751158413	784.2033797060415	263.01016840638727	157.63160993956942	435.9658866438754	251.58625210306832	533.3100953947303	244.46929050720811	276.0986163236112	195.43729012354092	37.734272089400946	295.10839650901625	152.89838500716854	205.2573430854126	193.99510781303525	85.48884845746333	155.25915333274583	249.80657311719432	383.4316550566768	158.2345754954309	568.1610541893492	119.48799979785584	49.40294357362595
Orange County	578.2952215487383	579.1009629341072	589.7732650022211	748.1542670731365	560.4007456797436	730.2064972055065	603.5125092880633	1052.2805954706917	619.5893404754571	383.1170985288288	777.2669698768901	952.2488346817993	235.73711410353286	322.73060966991744	205.2655180985691	324.94741907570165	748.7113794781525	823.0155689412474	73.15417654154234	431.66852690652905	661.0395144169578	474.06810272928567	815.6050207349234	473.58002095119	917.4971212801624	481.7581230738451	430.39213865287235	674.8177111679305	679.9011431582841	0.0	654.320476181682	752.7738583284545	164.30366344782325	619.8820619883403	443.7653553397904	196.8986929108905	117.91325276897003	654.0909340409598	568.7888474202795	309.77091331001196	587.7490044970178	229.2856203930267	530.0355468150765	533.6093832112556	873.3959991306576	700.309541475636	973.9922427387403	633.0566327533363	710.2067235430021	521.2440669510916	691.8718230597076	819.0946886719474	907.6979313606785	298.2688495867921	521.8530746666382	146.2392056594466	668.1600650461925	698.9140118274539
Placer County	188.45079081169487	93.83716360919597	69.03083412646042	101.10517609949773	98.6438945884265	131.3129869000041	166.06460990391417	409.1043330859909	34.79404905346067	272.462453188076	156.40970165911946	328.8310155548862	824.9130005110561	402.78090718214975	449.23399209947377	341.89808552645604	174.747045913603	184.64803145240117	583.8322423614173	222.83792676354255	208.72355430593285	180.31956161205355	237.82122046847323	207.62605822816536	281.4219465650936	205.17761236624804	318.09260023806695	152.0409457775691	26.517042863579146	654.320476181682	0.0	103.80726929669407	727.7935429352569	86.60383376004572	274.42809419998395	617.4197117676572	759.2271374043132	250.06440065884257	134.13574076034178	409.56707203537684	232.99513461515974	506.8081493898653	221.5422583768466	254.14283651167628	219.9026683259395	59.800546106776565	320.0554771607596	137.7408339671549	200.0662330268566	168.54186273877644	84.781371457508	175.2976502504813	269.74781946322196	358.407420071246	133.16947879041868	541.809643646142	110.62964877914233	58.36651418984644
Plumas County	277.27879842828827	176.11237732855963	172.83785440537045	75.66547451769826	202.3605081465347	151.22497350793952	250.24052985468026	332.0074170912425	136.4740087073234	373.4715355881075	141.5500969418526	274.57725245850787	914.0607397580362	484.30469162995945	548.4456935533416	444.7198481385309	192.68749675627603	82.69527756059546	683.2862438885028	323.17363880122787	272.22307788569043	280.68834272369463	232.46376567867316	311.1917336231401	178.20469112688252	285.84875386839315	419.429185240851	209.73167481759197	77.39009737199153	752.7738583284545	103.80726929669407	0.0	817.5726335052493	177.1611173805852	376.7041188090319	702.7129408354504	854.9314460338072	316.17181135864456	232.01597298591756	513.3533055896403	316.48991033052766	610.5453695616	317.2327962751113	346.9483698799311	134.02287851028126	52.92279089382353	228.4191217372792	214.58271901348775	243.62078844484148	270.6436475382628	130.36590530680817	120.7411012342036	207.37731096341142	455.02601466716345	231.3918415676903	644.0555917539095	172.91959070044848	91.81737645375776
Riverside County	688.6769422948313	641.7099211627592	670.189189099982	827.2050634082218	642.994166455701	822.9489388098986	710.1531587422802	1135.9766705309523	693.4387472784118	472.8232695872479	866.8013744422174	1045.0909686542918	97.34743497784054	339.71881153095774	307.7520670862649	434.4338996459315	848.110789119288	878.4201264685187	214.74863210585812	514.5970600900663	774.218701368503	554.1286905751034	917.7660656749309	575.373757133883	967.4784530175391	532.6047342394718	558.6384670030303	777.3163581299165	751.3467202883079	164.30366344782325	727.7935429352569	817.5726335052493	0.0	710.7502205341679	562.0746617665595	126.43360803614331	106.4437241387313	774.3853194064728	666.3602190250499	446.7015153252888	706.632585538137	382.28735988638374	644.7713535385793	655.2804386260702	946.6062947325609	764.7737324837432	1045.2073314851325	734.4203379542344	818.70215744036	620.9213046407564	779.8110321272204	900.8675143929519	993.561571399701	375.8767795641985	595.8342306314188	296.812434910989	763.310914269649	779.0992877285004
Sacramento County	102.36790811850203	135.48015805397813	59.79629606095132	137.07846230327033	74.12424400327737	112.20184074534986	79.57938551673465	432.4793673374761	79.36353062239748	239.39787584312484	157.56608357326866	334.74095962970415	808.0089238121564	405.7118716336385	415.8674068011177	296.80976134914584	141.43295652039677	259.7646514216183	547.4314723569911	196.29184825523984	130.47502298322348	158.79644717398887	212.11190548396993	149.74424065641773	353.463446654249	223.50302306306818	245.74051027037115	86.01669784305238	106.33711950503184	619.8820619883403	86.60383376004572	177.1611173805852	710.7502205341679	0.0	205.75585802263814	609.2513772751977	730.3699061878742	168.4621795495857	57.57850863457842	349.90606245031574	146.39301696715324	450.34811359420837	140.101534874354	170.26004231372954	263.8798052339078	143.88008902111264	363.4000896500713	56.05624581162578	138.26302793232816	103.04431179009197	72.40300681720312	201.56034393606146	287.83658960535627	334.92773701178976	129.2587749979744	495.92133536590336	55.12894136849028	91.19310408650041
San Benito County	136.5983002329551	250.70272803617982	207.32341397810072	342.71835061371513	180.94796255891484	302.81204384053734	164.48220168594833	625.6792757729986	246.64952935841765	128.6266048222318	352.03973157242297	517.8815488197667	656.3765382100626	328.71570245701696	254.33381401485354	128.5135577641893	312.35600863620783	458.75825871244723	370.8443984589404	136.14719617662615	217.33333254696288	148.97234232054728	375.58789254622155	72.50729636426023	554.8994939910124	243.53463145052336	46.07175287762609	237.5324018641434	300.0239452149696	443.7653553397904	274.42809419998395	376.7041188090319	562.0746617665595	205.75585802263814	0.0	483.60640351528815	560.0841933403665	212.5333539105737	148.17923333119677	147.85119302711018	145.03094658749106	249.20291956959875	86.59023039247568	93.44331554915243	468.8647136000399	333.48998200491144	567.3524436812343	199.03850947571485	267.64382892783584	106.06714618408161	275.11893845289666	403.47628497974017	482.23106985328485	210.49861651090487	185.54099471310292	306.486565691176	241.03478997195128	296.58512166030926
San Bernardino County	600.1208650199662	528.2059576547973	563.9757637871378	718.0614494013573	538.4285144739981	720.738292338674	618.4627105760923	1026.51530624753	583.7474956126025	378.0322857180668	762.3280925861919	940.7159243909143	215.85841561489116	219.35941491364514	238.1185981520524	355.7716112024696	749.4228845099979	759.9799658979454	204.27544600225607	413.95016029808033	685.9613708699158	450.5604449306875	819.9267775973375	484.0253486318835	847.0522973922285	416.87432029546534	489.2235103765665	681.606197239984	639.795751158413	196.8986929108905	617.4197117676572	702.7129408354504	126.43360803614331	609.2513772751977	483.60640351528815	0.0	211.14436990906538	691.7357833003881	569.7192431643119	392.4099746048332	624.2366305769261	354.5439072481942	560.6360722494168	576.5441024195832	833.8909763631799	650.3190162587464	931.0832353788232	638.7422672547789	726.328384731496	526.7655529307814	675.6060663169146	792.220804829838	886.0535469242656	280.3271616354708	488.11405076363377	275.7774784310533	663.3406441591006	671.0576629654362
San Diego County	693.5801193540055	679.399651051793	696.7566834728065	855.4221199910568	667.9427885209545	841.6510875810526	718.0773723837015	1161.8307922895508	724.4390097702156	491.5134708411521	887.932202544797	1064.2527637075004	132.4547145831204	397.6005906054857	314.6370150740227	438.60252996883673	861.9783738771948	921.7527586890782	189.56586663215222	538.2811400977901	777.0628837618161	580.0818231635079	929.6854490291105	586.3893602092279	1014.3358859739194	576.1976656178891	547.9780159772394	788.641478630092	784.2033797060415	117.91325276897003	759.2271374043132	854.9314460338072	106.4437241387313	730.3699061878742	560.0841933403665	211.14436990906538	0.0	771.1818721778276	680.9613208762656	427.67287701089424	704.5431866123702	345.392343300932	646.0134644462179	650.6781370724747	979.0820142113643	802.0891362415243	1079.2505974168769	746.4735555050291	825.4437390399811	633.7544286470907	801.7742303565095	927.4973480915666	1017.611854331682	400.8199328412585	626.0762569017634	263.7942136444093	780.0696100699612	806.364961552083
San Francisco County	98.93305730937823	299.65402177672377	222.86639489939265	248.749069018929	222.49240686382308	175.5039081198677	97.29693830068085	456.47145710985455	247.82482566150486	317.641563914605	215.5890812338842	340.1233904766648	868.8944126211603	515.323640655322	466.65399631880297	340.0702549034581	154.086553774802	391.9340045782396	581.628931968234	295.3285015154945	43.97284857667144	275.1751027344686	192.9340876367517	212.25364505105938	473.23449780756596	365.7092881977906	224.92257840738523	106.47874290673955	263.01016840638727	654.0909340409598	250.06440065884257	316.17181135864456	774.3853194064728	168.4621795495857	212.5333539105737	691.7357833003881	771.1818721778276	0.0	156.28340432237783	347.9853860293379	67.81173646587987	444.9663139954791	131.1031360687037	120.50406459385287	347.857469204843	299.67399370457804	431.4126095049478	113.01216707989546	89.21146275280223	179.61444781781438	185.9772317337199	275.5734302235374	324.829223173394	412.69879084739824	271.2096770902275	512.9159730762575	144.77254217240298	225.84657022475537
San Joaquin County	64.72650395411517	149.6105936448618	78.22210085480437	194.5840925134078	68.10932158644535	161.6810567656326	59.60590181081341	485.36154355844974	114.39813373625671	193.5841005468595	209.68667483002088	383.49596744250596	763.2921471719812	374.8500077729968	366.44019555587755	244.17096635441231	181.90176565134823	314.68506482045774	495.94209447403375	156.53642975522826	129.7943541157005	126.21395256750526	251.4250840882701	95.49381271327826	409.4870034276438	210.25705005718135	188.5006221579178	111.88923657587972	157.63160993956942	568.7888474202795	134.13574076034178	232.01597298591756	666.3602190250499	57.57850863457842	148.17923333119677	569.7192431643119	680.9613208762656	156.28340432237783	0.0	292.9039469043917	112.72733724323274	393.65248408540623	87.55678108512429	121.36036083797984	321.10479168113204	193.81771456778387	420.23954693473826	69.09926227397102	158.66537154967347	47.730862840460766	128.08365308318383	257.3677111605069	340.75403482709464	291.2310920868204	115.00327700303535	441.579077440449	99.3925621767752	148.59355532260105
San Luis Obispo County	283.5345700940697	364.47355427217553	340.56429320666354	486.74633309170747	311.3636750531265	450.43690235943154	312.0936615003481	773.529473227769	378.1839350974949	168.74735344565312	499.59386956927557	665.3712867474235	535.8034702309917	303.5208739258933	155.84259082111654	95.3649440570648	459.9229747765679	593.5352692292495	239.3874825698976	212.30132978973708	360.3690915729122	247.5968446405901	521.9467314592705	202.72275201392472	690.6653168356363	314.40192919606693	123.13512890424761	385.15990269666423	435.9658866438754	309.77091331001196	409.56707203537684	513.3533055896403	446.7015153252888	349.90606245031574	147.85119302711018	392.4099746048332	427.67287701089424	347.9853860293379	292.9039469043917	0.0	283.84425640198106	101.36150994506166	232.5172414239272	228.74169475622273	613.7820155422669	466.14211989006674	713.1405974414089	346.87648846487366	412.7621656914015	247.1192530179412	420.92588383664327	549.9855549326036	629.9979976115181	177.15020267689877	296.2749444497622	165.54490210822982	388.3996762237391	439.19032380093154
San Mateo County	48.02897880397117	262.33433746053055	189.16402221024612	259.12310023804514	180.57630717839464	196.39228188558292	67.21173530034974	503.4047729351154	221.54324742232583	251.67258932340062	243.2945986821637	389.8663584169985	801.2545032038968	451.22633548991996	398.92547374081465	272.2755187887759	189.6722721923721	397.1881746417574	515.0733049568181	232.97076137183507	78.12497471541809	217.60009690389776	242.99139105295208	147.85961494731674	485.73932655550703	312.74012628380285	160.9054306012913	121.53826387881612	251.58625210306832	587.7490044970178	232.99513461515974	316.48991033052766	706.632585538137	146.39301696715324	145.03094658749106	624.2366305769261	704.5431866123702	67.81173646587987	112.72733724323274	283.84425640198106	0.0	382.59467772245455	63.95851192569442	55.144345113413735	373.11511674546716	289.3200288331312	464.2584706997597	102.10594190751536	132.70648952249414	121.87199507042214	189.49920100359793	301.74488588776285	365.1856483280062	345.69796991394395	222.1828960059908	447.7938968931748	146.5280188902545	224.925541500157
Santa Barbara County	384.5580485752807	454.712352111597	437.83155344003114	586.8595387811193	408.1876620274448	551.7674817082556	413.3202901554102	874.8812477322934	474.4678171634066	249.72530628511558	600.9031992359188	766.4530117637137	463.7238705721567	327.9524083476598	149.5693874103049	171.94135754066272	561.0859037447776	689.5873992699941	167.5394282846628	298.34508171160974	459.89652587551836	337.44454936400484	622.4939404146126	301.86285171144334	786.8125559038657	389.9500476451882	221.87790357705683	486.3709217652311	533.3100953947303	229.2856203930267	506.8081493898653	610.5453695616	382.28735988638374	450.34811359420837	249.20291956959875	354.5439072481942	345.392343300932	444.9663139954791	393.65248408540623	101.36150994506166	382.59467772245455	0.0	333.4039654352812	327.48857742643526	714.0845585808532	562.034873762492	813.7405159314274	448.235545149709	512.9118715744894	347.3457874039164	521.7351945200628	650.9413686689404	731.3537188322841	220.02524251970385	387.50371620684024	85.48350013924633	489.67667380146077	538.9006593300859
Santa Clara County	51.296961208974054	227.6284148748778	163.6345283916318	272.00144430630985	146.0729401049769	222.7895531308219	81.02378917262482	542.7100107463134	201.34759954890427	187.8766730288811	271.98783701117475	433.08842362974485	739.9124356463635	388.15733681308257	337.42061309432876	210.4399581731204	227.92070667197905	399.8621058860382	457.0223373441527	171.86506716283964	131.05159126569848	161.77538888809957	289.53605587350796	85.75935739852731	493.2734298660437	259.88780793073295	114.05265926734643	153.51883223087165	244.46929050720811	530.0355468150765	221.5422583768466	317.2327962751113	644.7713535385793	140.101534874354	86.59023039247568	560.6360722494168	646.0134644462179	131.1031360687037	87.55678108512429	232.5172414239272	63.95851192569442	333.4039654352812	0.0	36.39200399947797	394.77981377884475	281.0809715480683	490.9710886410061	118.40095287353574	181.0968012937703	71.65440907041089	201.86800868356212	326.4654566837009	400.4578201554074	281.7800670838291	176.15350116308755	393.0147887950872	163.27280193001474	229.8756986218473
Santa Cruz County	71.06504766066972	263.93072563595626	198.70941089602024	297.1611490849434	182.1765808667264	241.60697431203914	100.97233223335022	555.4511569320055	235.7390975664685	211.049745221538	290.0499814492236	443.07191650714503	749.2617010955239	412.93903490509916	347.6094933774592	221.93929825316368	240.42420156567644	429.25279459357023	461.12497004773263	201.3675264123811	132.66253451467063	195.36359179905097	296.86083938482085	115.69377917793842	521.2346019266654	294.0960929231357	105.76133103795698	168.537803663233	276.0986163236112	533.6093832112556	254.14283651167628	346.9483698799311	655.2804386260702	170.26004231372954	93.44331554915243	576.5441024195832	650.6781370724747	120.50406459385287	121.36036083797984	228.74169475622273	55.144345113413735	327.48857742643526	36.39200399947797	0.0	416.7733283703367	313.21429180413185	510.77878701574014	139.64734941272366	186.5884646329667	107.85510660264384	226.58739623377008	346.77628267819625	415.44072851271727	300.797423873037	212.21020003438957	392.9591739249773	185.60191938520146	257.64378530608036
Shasta County	346.37560561333333	305.691625557108	283.8048500128452	127.35489739011878	313.467003316127	176.77132401194154	316.00772487615444	198.2095776744367	254.6706197088863	490.527805793377	132.30568766661963	158.73608947960338	1043.5186325430018	616.4345757848664	668.1422129918953	556.1976490001836	194.68091527852087	119.17413409561964	802.3441839963641	441.7555175270258	307.17654230277117	399.4671317293613	189.6698731385906	412.5833109010777	144.4556072178826	417.4292768737405	506.61677635217524	251.73167625340133	195.43729012354092	873.3959991306576	219.9026683259395	134.02287851028126	946.6062947325609	263.8798052339078	468.8647136000399	833.8909763631799	979.0820142113643	347.857469204843	321.10479168113204	613.7820155422669	373.11511674546716	714.0845585808532	394.77981377884475	416.7733283703367	0.0	184.48206122319183	100.72730553968495	277.3843871370708	259.7866542676856	366.7599144113429	193.91208670811346	72.32250965163325	91.138924569716	578.2744485658732	353.0691662992453	756.5324935035519	231.70205217482302	176.09677910768
Sierra County	246.24721602340512	123.203236862878	126.53946819745266	93.02408505041039	154.93500816739208	153.98959809100975	222.10829528043573	381.20266903926756	87.99637353802322	322.15302780890954	161.09410165948083	315.4274754363097	861.3228336304886	432.24871111263644	496.2480622084795	394.5817649079671	198.69856580745602	127.55533322279352	631.0864386434877	271.6734608594443	256.6693614188946	229.35154646908413	251.10128712561465	265.4569243643332	224.7805832542366	233.4699964524963	377.50764336713735	196.00891952578976	37.734272089400946	700.309541475636	59.800546106776565	52.92279089382353	764.7737324837432	143.88008902111264	333.48998200491144	650.3190162587464	802.0891362415243	299.67399370457804	193.81771456778387	466.14211989006674	289.3200288331312	562.034873762492	281.0809715480683	313.21429180413185	184.48206122319183	0.0	280.7933031475563	190.38411829367607	238.26249943666022	227.8801804174539	118.13750412726407	158.25345315240853	250.55120559404804	402.3839654012465	179.57660130769565	593.1856077452826	155.34912056331217	78.43531185568517
Siskiyou County	441.4129136808321	403.5446849369889	384.5100349299108	227.71100347080656	414.19059494699013	269.17471227256226	410.9365117491903	123.67177405752011	354.84950451757004	591.2103445048361	221.05014069744496	152.3323644941104	1141.9129567210746	712.7139934816296	768.7557279319152	656.8283254596458	277.81886801157316	186.23265817284403	903.0227337664974	542.3261895018732	393.623001710194	499.9780843502543	251.72012296258157	512.6412861760266	150.93329668822648	514.2096545344219	603.8980866469276	343.03307697930234	295.10839650901625	973.9922427387403	320.0554771607596	228.4191217372792	1045.2073314851325	363.4000896500713	567.3524436812343	931.0832353788232	1079.2505974168769	431.4126095049478	420.23954693473826	713.1405974414089	464.2584706997597	813.7405159314274	490.9710886410061	510.77878701574014	100.72730553968495	280.7933031475563	0.0	372.70288991365	342.20411101109977	466.433684327997	292.3260870710248	164.50715830236987	115.32344397131116	678.4365508993064	453.1766989355674	857.1270458810152	327.8119778933716	276.6786881571777
Solano County	68.99146994115732	190.59581757028565	113.81229246412227	158.2478221471177	120.7401110299124	104.4920711152647	38.68178287258136	426.66760987338	135.15867002055793	262.0012110229928	153.76577536276332	320.35517883974734	831.1894500808946	443.1187211246789	432.5365975035991	308.16421459509405	115.65812282753522	295.08224353619954	559.9798224056804	225.60686275147626	74.46059285886545	193.94634521154416	183.65978301447478	160.21776375932745	384.1689029465629	270.9964193638883	232.0712277785468	42.95474886714196	152.89838500716854	633.0566327533363	137.7408339671549	214.58271901348775	734.4203379542344	56.05624581162578	199.03850947571485	638.7422672547789	746.4735555050291	113.01216707989546	69.09926227397102	346.87648846487366	102.10594190751536	448.235545149709	118.40095287353574	139.64734941272366	277.3843871370708	190.38411829367607	372.70288991365	0.0	90.63030075621528	113.56305715424153	87.91953032343642	208.2364148080972	283.266753263471	359.8694418461011	174.84732094442904	502.0388489115558	45.9673753935162	122.88199047036466
Sonoma County	131.91546147069275	272.1048529285711	197.98218139884392	170.72717334451335	209.64983431186968	93.91554169776188	108.5533708810653	371.5893993894509	209.69965516494977	348.43307850983734	128.0668736842898	257.24497576528285	914.9494376969402	533.441165222171	513.7333982289998	387.3576628343115	65.2173011392824	313.4967503410235	637.0840604864284	314.8259199187822	54.933592765943175	284.4124015052179	110.32395678384339	243.49849723074317	389.40500480618095	360.2806523562506	291.2085113633323	52.25796978817457	205.2573430854126	710.2067235430021	200.0662330268566	243.62078844484148	818.70215744036	138.26302793232816	267.64382892783584	726.328384731496	825.4437390399811	89.21146275280223	158.66537154967347	412.7621656914015	132.70648952249414	512.9118715744894	181.0968012937703	186.5884646329667	259.7866542676856	238.26249943666022	342.20411101109977	90.63030075621528	0.0	199.56530151476082	120.21470683547632	187.75592695847595	236.57581400169184	446.40665140441774	264.49983518045264	574.1100521276499	90.5963210100662	159.99964242416576
Stanislaus County	80.6872177119073	158.07654095275325	102.64837077247144	239.63381029855375	79.23442998730978	209.40463102153265	92.3921333202264	533.0660561369199	142.0576599522765	149.00767550295467	257.3848254780191	431.00496646515995	717.6460404019225	338.12611539003785	319.4108834357969	196.50087994855957	228.41572487570164	352.7071063523824	448.3477477974479	117.43929960193225	162.52201616782025	96.0717334792944	297.18114886033106	47.772357287500284	448.8442905188953	191.17354903134483	149.62949072633495	156.40607496467115	193.99510781303525	521.2440669510916	168.54186273877644	270.6436475382628	620.9213046407564	103.04431179009197	106.06714618408161	526.7655529307814	633.7544286470907	179.61444781781438	47.730862840460766	247.1192530179412	121.87199507042214	347.3457874039164	71.65440907041089	107.85510660264384	366.7599144113429	227.8801804174539	466.433684327997	113.56305715424153	199.56530151476082	0.0	174.93316105451188	304.31129325385155	388.43874178094757	247.01170672211626	104.53173242700886	393.9433715880598	147.06125289756517	192.21536646252636
Sutter County	155.52250476312517	171.37524651590178	112.41450294267912	70.57440240477577	137.24207683876668	48.65890069712107	126.02913439493182	360.4108417192528	104.97221650318015	310.3401490772563	86.99827711015514	265.43955204800557	877.147045098603	467.2721668317049	487.5058991566916	369.1837395616308	90.2663312212849	208.56071097855025	619.5427427274608	265.4332674027064	142.10216354116287	225.83208937103112	156.1131808318487	222.01186819506614	296.31544692938735	275.9476361152522	312.7842030043562	79.80291124750948	85.48884845746333	691.8718230597076	84.781371457508	130.36590530680817	779.8110321272204	72.40300681720312	275.11893845289666	675.6060663169146	801.7742303565095	185.9772317337199	128.08365308318383	420.92588383664327	189.49920100359793	521.7351945200628	201.86800868356212	226.58739623377008	193.91208670811346	118.13750412726407	292.3260870710248	87.91953032343642	120.21470683547632	174.93316105451188	0.0	129.37970182943513	215.90115667315604	404.5408104090661	188.72665303310978	568.300803708731	43.21642046293692	40.47910081522599
Tehama County	277.0397820192829	267.84500318851804	231.20456902596155	74.23128972492337	259.5989785666377	105.46033099348423	246.5665316241731	235.1469856854976	208.493460468453	436.2920197002797	59.991700159726584	157.257175679876	998.1501567321656	578.0766221766631	614.1349309938868	497.83555043644395	122.85800368615948	150.90475901195052	747.1456686804194	389.329629527636	234.87704843476334	348.0072265083858	129.0464420655897	351.2986953686877	206.8979572230924	380.0993953069574	439.46656357053445	180.21103086509896	155.25915333274583	819.0946886719474	175.2976502504813	120.7411012342036	900.8675143929519	201.56034393606146	403.47628497974017	792.220804829838	927.4973480915666	275.5734302235374	257.3677111605069	549.9855549326036	301.74488588776285	650.9413686689404	326.4654566837009	346.77628267819625	72.32250965163325	158.25345315240853	164.50715830236987	208.2364148080972	187.75592695847595	304.31129325385155	129.37970182943513	0.0	94.58971269010723	527.9189803578698	305.0789123970699	697.3913812608939	163.32733864298353	121.78723200403142
Trinity County	349.37729127143734	362.43410340677906	323.3723983119552	168.64517256314224	350.907285734496	179.75844072287487	319.45131542511	144.6915712310011	302.59954347589814	526.1120952387878	131.07695718912677	68.76208453535709	1090.8939797227001	672.5025416697082	703.4064186979533	584.3197180466072	175.51357250469763	209.64741291274447	835.267272946345	480.38291699873776	290.3934839649781	439.73775077823205	138.00909614375212	436.1090620730435	226.5493277885491	474.67501294991706	514.5091579490042	247.4406075774176	249.80657311719432	907.6979313606785	269.74781946322196	207.37731096341142	993.561571399701	287.83658960535627	482.23106985328485	886.0535469242656	1017.611854331682	324.829223173394	340.75403482709464	629.9979976115181	365.1856483280062	731.3537188322841	400.4578201554074	415.44072851271727	91.138924569716	250.55120559404804	115.32344397131116	283.266753263471	236.57581400169184	388.43874178094757	215.90115667315604	94.58971269010723	0.0	619.4040972807709	398.2751577523643	782.3175930127966	242.19342893867258	215.00539715233475
Tulare County	319.86143259074584	280.8329608893028	296.7341715129498	455.18671957532655	268.5408490114048	447.1284921985131	338.2824310704072	762.8789864035958	323.6201954154423	98.00458424316001	491.44118317823774	669.4902922436221	473.0977161266239	128.7050998197869	98.20685978087504	94.49447857220802	472.5749260852444	524.7682640756035	230.86499695284866	139.117213346692	405.6613367230401	179.91229011419128	542.5517495901506	203.69892254864322	619.5152380729941	187.77180143264508	227.31875532448626	402.82307207202564	383.4316550566768	298.2688495867921	358.407420071246	455.02601466716345	375.8767795641985	334.92773701178976	210.49861651090487	280.3271616354708	400.8199328412585	412.69879084739824	291.2310920868204	177.15020267689877	345.69796991394395	220.02524251970385	281.7800670838291	300.797423873037	578.2744485658732	402.3839654012465	678.4365508993064	359.8694418461011	446.40665140441774	247.01170672211626	404.5408104090661	527.9189803578698	619.4040972807709	0.0	225.2598567768284	210.38512627240877	387.4784161660558	406.34237436396813
Tuolumne County	176.0393718278735	68.31541815933541	76.3281039457519	231.38338703169197	55.24878000337113	235.6627370332452	174.52516229198315	540.1481625884254	98.4013912434593	142.79888159110368	274.7404111094715	452.82361160559975	693.0945941308735	278.64593254513	317.15605182777745	217.1181300195578	269.72624925281013	305.5822333639134	451.9729415035428	92.21138581043026	243.59263633660663	50.400441397089075	340.0368958984543	113.61205142051415	402.309650616489	96.23017959386316	231.4542373411971	213.09380320661253	158.2345754954309	521.8530746666382	133.16947879041868	231.3918415676903	595.8342306314188	129.2587749979744	185.54099471310292	488.11405076363377	626.0762569017634	271.2096770902275	115.00327700303535	296.2749444497622	222.1828960059908	387.50371620684024	176.15350116308755	212.21020003438957	353.0691662992453	179.57660130769565	453.1766989355674	174.84732094442904	264.49983518045264	104.53173242700886	188.72665303310978	305.0789123970699	398.2751577523643	225.2598567768284	0.0	414.04775508258064	184.1351166570389	183.38601683961141
Ventura County	442.9016635833821	477.7395915952981	474.140733815404	629.4552742926036	444.17524690821625	602.8856217235518	469.8535554777587	926.8692196605216	507.8772942572865	271.25750151386023	651.2410578168012	822.3822885024806	378.92420233223544	290.7568676380077	115.8579907565941	200.38677129043444	617.1574637044909	719.6299037743947	82.06521087775822	321.8660406012944	523.0728377116181	363.9043874774295	681.8184023630673	346.4156982516049	816.2713193892213	396.2081999862019	288.06309241687876	542.4572199195038	568.1610541893492	146.2392056594466	541.809643646142	644.0555917539095	296.812434910989	495.92133536590336	306.486565691176	275.7774784310533	263.7942136444093	512.9159730762575	441.579077440449	165.54490210822982	447.7938968931748	85.48350013924633	393.0147887950872	392.9591739249773	756.5324935035519	593.1856077452826	857.1270458810152	502.0388489115558	574.1100521276499	393.9433715880598	568.300803708731	697.3913812608939	782.3175930127966	210.38512627240877	414.04775508258064	0.0	540.3705059536202	580.4542791475722
Yolo County	114.80734018039793	182.82749830248676	111.68829685150483	112.69634444703804	129.1568461711229	62.517857494437635	84.62963349807296	386.55490388423823	119.26246039606347	290.81926157953893	111.29322273655781	284.211560770121	860.457813983562	460.80543784421644	465.45682998305233	343.5535262958479	86.43939223109889	251.75012945958218	595.3306558593035	249.6677099283281	101.39609461521337	213.32285304549515	157.15473114823422	194.83013334810204	339.21455506918255	277.47643519242007	276.1582406485045	41.50108365104134	119.48799979785584	668.1600650461925	110.62964877914233	172.91959070044848	763.310914269649	55.12894136849028	241.03478997195128	663.3406441591006	780.0696100699612	144.77254217240298	99.3925621767752	388.3996762237391	146.5280188902545	489.67667380146077	163.27280193001474	185.60191938520146	231.70205217482302	155.34912056331217	327.8119778933716	45.9673753935162	90.5963210100662	147.06125289756517	43.21642046293692	163.32733864298353	242.19342893867258	387.4784161660558	184.1351166570389	540.3705059536202	0.0	81.48641319051352
Yuba County	187.12650797316672	151.8870517134601	109.64188346722301	49.258778208378274	138.56245416634002	77.63213427921704	159.18786359970863	356.9336716887705	88.30901349842009	315.8020424248222	98.04574151158126	271.82478759793173	876.3911824652353	458.3445837307694	493.71354988473706	380.15118366005726	122.44394874083689	172.43027125099286	627.3804296720971	268.085189673235	182.10676142571995	226.45943584443282	181.34360250638767	237.06151967686597	263.6566912775762	262.1382038898168	336.932617645283	120.07015992201313	49.40294357362595	698.9140118274539	58.36651418984644	91.81737645375776	779.0992877285004	91.19310408650041	296.58512166030926	671.0576629654362	806.364961552083	225.84657022475537	148.59355532260105	439.19032380093154	224.925541500157	538.9006593300859	229.8756986218473	257.64378530608036	176.09677910768	78.43531185568517	276.6786881571777	122.88199047036466	159.99964242416576	192.21536646252636	40.47910081522599	121.78723200403142	215.00539715233475	406.34237436396813	183.38601683961141	580.4542791475722	81.48641319051352	0.0
